int_pos;var_name;x;label;length;decimal_places;fin_pos;col_type;CHAR
1;V035;2.;;2;0;2;i;FALSE
3;V040;8.;;8;0;10;i;FALSE
11;V050;5.;;5;0;15;i;FALSE
16;V055;1.;;1;0;16;i;FALSE
17;V060;$1.;;1;0;17;c;TRUE
18;V063;1.;;1;0;18;i;FALSE
19;V070;2.;;2;0;20;i;FALSE
21;V075;4.;;4;0;24;i;FALSE
25;V072;1.;;1;0;25;i;FALSE
26;V104;1.;;1;0;26;i;FALSE
27;V105;1.;;1;0;27;i;FALSE
28;V106;3.;;3;0;30;i;FALSE
31;V107;13.11;;13;11;43;d;FALSE
44;V108;15.6;;15;6;58;d;FALSE
59;V109;4.;;4;0;62;i;FALSE
63;V110;6.;;6;0;68;i;FALSE
69;V111;4.;;4;0;72;i;FALSE
73;V112;6.;;6;0;78;i;FALSE
79;V113;5.;;5;0;83;i;FALSE
84;V114;9.;;9;0;92;i;FALSE
93;V115;9.2;;9;2;101;d;FALSE
102;V201;2.;;2;0;103;i;FALSE
104;V203;1.;;1;0;104;i;FALSE
105;V204;2.;;2;0;106;i;FALSE
107;V214;2.;;2;0;108;i;FALSE
109;V224;4.;;4;0;112;i;FALSE
113;V234;4.;;4;0;116;i;FALSE
117;V205;1.;;1;0;117;i;FALSE
118;V206;1.;;1;0;118;i;FALSE
119;V207;1.;;1;0;119;i;FALSE
120;V208;1.;;1;0;120;i;FALSE
121;V209;2.;;2;0;122;i;FALSE
123;V210;2.;;2;0;124;i;FALSE
125;V211;7.1;;7;1;131;d;FALSE
132;V215;7.1;;7;1;138;d;FALSE
139;V218;10.;;10;0;148;d;FALSE
149;V301;1.;;1;0;149;i;FALSE
150;V302;1.;;1;0;150;i;FALSE
151;V303;2.;;2;0;152;i;FALSE
153;V304;1.;;1;0;153;i;FALSE
154;V305;1.;;1;0;154;i;FALSE
155;V306;1.;;1;0;155;i;FALSE
156;V307;2.;;2;0;157;i;FALSE
158;V308;1.;;1;0;158;i;FALSE
159;V309;1.;;1;0;159;i;FALSE
160;V310;1.;;1;0;160;i;FALSE
161;V311;1.;;1;0;161;i;FALSE
162;V312;1.;;1;0;162;i;FALSE
163;V313;1.;;1;0;163;i;FALSE
164;V314;1.;;1;0;164;i;FALSE
165;V401;1.;;1;0;165;i;FALSE
166;V402;1.;;1;0;166;i;FALSE
167;V403;1.;;1;0;167;i;FALSE
168;V404;2.;;2;0;169;i;FALSE
170;V405;1.;;1;0;170;i;FALSE
171;V4051;2.;;2;0;172;i;FALSE
173;V4052;2.;;2;0;174;i;FALSE
175;V4053;2.;;2;0;176;i;FALSE
177;V4054;2.;;2;0;178;i;FALSE
179;V406;1.;;1;0;179;i;FALSE
180;V407A;3.;;3;0;182;i;FALSE
183;V408A;2.;;2;0;184;i;FALSE
185;V409;1.;;1;0;185;i;FALSE
186;V410;1.;;1;0;186;i;FALSE
187;V411;1.;;1;0;187;i;FALSE
188;V412;1.;;1;0;188;i;FALSE
189;V4121;1.;;1;0;189;i;FALSE
190;V4122;2.;;2;0;191;i;FALSE
192;V413;1.;;1;0;192;i;FALSE
193;V414;1.;;1;0;193;i;FALSE
194;V415;1.;;1;0;194;i;FALSE
195;V416;1.;;1;0;195;i;FALSE
196;V417;1.;;1;0;196;i;FALSE
197;V418;1.;;1;0;197;i;FALSE
198;V4182;9.;;9;0;206;i;FALSE
207;VI4182;9.;;9;0;215;i;FALSE
216;V4191;9.;;9;0;224;i;FALSE
225;VI4191;9.;;9;0;233;i;FALSE
234;V420;1.;;1;0;234;i;FALSE
235;V421;1.;;1;0;235;i;FALSE
236;V422;1.;;1;0;236;i;FALSE
237;V4221;1.;;1;0;237;i;FALSE
238;V4222;2.;;2;0;239;i;FALSE
240;V4231;9.;;9;0;248;i;FALSE
249;VI4231;9.;;9;0;257;i;FALSE
258;V4241;9.;;9;0;266;i;FALSE
267;VI4241;9.;;9;0;275;i;FALSE
276;V425;1.;;1;0;276;i;FALSE
277;V426;1.;;1;0;277;i;FALSE
278;V4261;1.;;1;0;278;i;FALSE
279;V4262;2.;;2;0;280;i;FALSE
281;V427;1.;;1;0;281;i;FALSE
282;V4271;2.;;2;0;283;i;FALSE
284;V4272;2.;;2;0;285;i;FALSE
286;V4273;2.;;2;0;287;i;FALSE
288;V4275;2.;;2;0;289;i;FALSE
290;V4274;2.;;2;0;291;i;FALSE
292;V428;3.;;3;0;294;i;FALSE
295;V429;3.;;3;0;297;i;FALSE
298;V430;1.;;1;0;298;i;FALSE
299;V4302;9.;;9;0;307;i;FALSE
308;VI4302;9.;;9;0;316;i;FALSE
317;V431;1.;;1;0;317;i;FALSE
318;V4312;9.;;9;0;326;i;FALSE
327;VI4312;9.;;9;0;335;i;FALSE
336;V432;1.;;1;0;336;i;FALSE
337;V433;2.;;2;0;338;i;FALSE
339;V434;2.;;2;0;340;i;FALSE
341;V435;1.;;1;0;341;i;FALSE
342;V436;1.;;1;0;342;i;FALSE
343;V437;1.;;1;0;343;i;FALSE
344;V438;2.;;2;0;345;i;FALSE
346;V439;1.;;1;0;346;i;FALSE
347;V440;1.;;1;0;347;i;FALSE
348;V441;1.;;1;0;348;i;FALSE
349;V442;1.;;1;0;349;i;FALSE
350;V443;1.;;1;0;350;i;FALSE
351;V444;1.;;1;0;351;i;FALSE
352;V445A;3.;;3;0;354;i;FALSE
355;V446A;2.;;2;0;356;i;FALSE
357;V447;1.;;1;0;357;i;FALSE
358;V448;1.;;1;0;358;i;FALSE
359;V449;1.;;1;0;359;i;FALSE
360;V450;1.;;1;0;360;i;FALSE
361;V451;1.;;1;0;361;i;FALSE
362;V452;1.;;1;0;362;i;FALSE
363;V4521;2.;;2;0;364;i;FALSE
365;V4522;2.;;2;0;366;i;FALSE
367;V4523;2.;;2;0;368;i;FALSE
369;V4524;2.;;2;0;370;i;FALSE
371;V453;1.;;1;0;371;i;FALSE
372;V454;1.;;1;0;372;i;FALSE
373;V4541;2.;;2;0;374;i;FALSE
375;V4542;2.;;2;0;376;i;FALSE
377;V4543;2.;;2;0;378;i;FALSE
379;V4544;2.;;2;0;380;i;FALSE
381;V455;1.;;1;0;381;i;FALSE
382;V456;1.;;1;0;382;i;FALSE
383;V457;2.;;2;0;384;i;FALSE
385;V458;1.;;1;0;385;i;FALSE
386;V459;1.;;1;0;386;i;FALSE
387;V460;2.;;2;0;388;i;FALSE
389;V461;2.;;2;0;390;i;FALSE
391;V471;2.;;2;0;392;i;FALSE
393;V481;4.;;4;0;396;i;FALSE
397;V462;2.;;2;0;398;i;FALSE
399;V463;1.;;1;0;399;i;FALSE
400;V4631;2.;;2;0;401;i;FALSE
402;V4632;2.;;2;0;403;i;FALSE
404;V4633;2.;;2;0;405;i;FALSE
406;V4634;2.;;2;0;407;i;FALSE
408;V4635;2.;;2;0;409;i;FALSE
410;V464;1.;;1;0;410;i;FALSE
411;V465;1.;;1;0;411;i;FALSE
412;V466;1.;;1;0;412;i;FALSE
413;V467;3.;;3;0;415;i;FALSE
416;V468;1.;;1;0;416;i;FALSE
417;VD1;1.;;1;0;417;i;FALSE
418;VD2;1.;;1;0;418;i;FALSE
419;VD3;1.;;1;0;419;i;FALSE
420;VD4;1.;;1;0;420;i;FALSE
421;VD5;1.;;1;0;421;i;FALSE
422;VD6;1.;;1;0;422;i;FALSE
423;VD7;1.;;1;0;423;i;FALSE
424;VD8;1.;;1;0;424;i;FALSE
425;VD9;1.;;1;0;425;i;FALSE
426;VD10;1.;;1;0;426;i;FALSE
427;VD11;1.;;1;0;427;i;FALSE
428;VD12;1.;;1;0;428;i;FALSE
429;VD13;1.;;1;0;429;i;FALSE
430;VD14;1.;;1;0;430;i;FALSE
431;VD15;1.;;1;0;431;i;FALSE
432;VD16;1.;;1;0;432;i;FALSE
433;VD17;1.;;1;0;433;i;FALSE
434;VD18;1.;;1;0;434;i;FALSE
435;VD19;1.;;1;0;435;i;FALSE
436;VD20;1.;;1;0;436;i;FALSE
437;VD21;1.;;1;0;437;i;FALSE
438;VD22;1.;;1;0;438;i;FALSE
439;VD23;9.;;9;0;447;i;FALSE
448;VD24;9.;;9;0;456;i;FALSE
457;VD25;9.;;9;0;465;i;FALSE
466;VD26;9.;;9;0;474;i;FALSE
475;VD27;3.;;3;0;477;i;FALSE
478;VD28;3.;;3;0;480;i;FALSE
481;VDAE1;1.;;1;0;481;i;FALSE
482;VDAE2;1.;;1;0;482;i;FALSE
