int_pos;var_name;x;label;length;decimal_places;fin_pos;col_type;CHAR
1;V0102;$2.;;2;0;2;c;TRUE
3;V1002;$4.;;4;0;6;c;TRUE
7;V1003;$5.;;5;0;11;c;TRUE
12;V0103;$7.;;7;0;18;c;TRUE
19;V0104;$9.;;9;0;27;c;TRUE
28;V0105;$11.;;11;0;38;c;TRUE
39;V0300;$8.;;8;0;46;c;TRUE
47;V0400;$2.;;2;0;48;c;TRUE
49;V1004;$2.;;2;0;50;c;TRUE
51;AREAP;$13.;;13;0;63;c;TRUE
64;V1001;$1.;;1;0;64;c;TRUE
65;V1005;$1.;;1;0;65;c;TRUE
66;V1006;$1.;;1;0;66;c;TRUE
67;V1007;$1.;;1;0;67;c;TRUE
68;MARCA;$1.;;1;0;68;c;TRUE
69;V0401;$1.;;1;0;69;c;TRUE
70;M0401;$1.;;1;0;70;c;TRUE
71;V0402;$2.;;2;0;72;c;TRUE
73;M0402;$1.;;1;0;73;c;TRUE
74;V0403;$2.;;2;0;75;c;TRUE
76;M0403;$1.;;1;0;76;c;TRUE
77;V0404;$1.;;1;0;77;c;TRUE
78;M0404;$1.;;1;0;78;c;TRUE
79;V4752;3.;;3;0;81;i;FALSE
82;M4752;$1.;;1;0;82;c;TRUE
83;V4754;2.;;2;0;84;i;FALSE
85;M4754;$1.;;1;0;85;c;TRUE
86;V4070;$1.;;1;0;86;c;TRUE
87;V0408;$1.;;1;0;87;c;TRUE
88;M0408;$1.;;1;0;88;c;TRUE
89;V4090;$3.;;3;0;91;c;TRUE
92;M4090;$1.;;1;0;92;c;TRUE
93;V0410;$1.;;1;0;93;c;TRUE
94;M0410;$1.;;1;0;94;c;TRUE
95;V0411;$1.;;1;0;95;c;TRUE
96;M0411;$1.;;1;0;96;c;TRUE
97;V0412;$1.;;1;0;97;c;TRUE
98;M0412;$1.;;1;0;98;c;TRUE
99;V0413;$1.;;1;0;99;c;TRUE
100;M0413;$1.;;1;0;100;c;TRUE
101;V0414;$1.;;1;0;101;c;TRUE
102;M0414;$1.;;1;0;102;c;TRUE
103;V0415;$1.;;1;0;103;c;TRUE
104;M0415;$1.;;1;0;104;c;TRUE
105;V0416;2.;;2;0;106;i;FALSE
107;M0416;$1.;;1;0;107;c;TRUE
108;V0417;$1.;;1;0;108;c;TRUE
109;M0417;$1.;;1;0;109;c;TRUE
110;V0418;$1.;;1;0;110;c;TRUE
111;M0418;$1.;;1;0;111;c;TRUE
112;V0419;$1.;;1;0;112;c;TRUE
113;M0419;$1.;;1;0;113;c;TRUE
114;V0420;4.;;4;0;117;i;FALSE
118;M0420;$1.;;1;0;118;c;TRUE
119;V4210;$2.;;2;0;120;c;TRUE
121;M4210;$1.;;1;0;121;c;TRUE
122;V0422;2.;;2;0;123;i;FALSE
124;M0422;$1.;;1;0;124;c;TRUE
125;V4230;$2.;;2;0;126;c;TRUE
127;M4230;$1.;;1;0;127;c;TRUE
128;V0424;$1.;;1;0;128;c;TRUE
129;M0424;$1.;;1;0;129;c;TRUE
130;V4250;$7.;;7;0;136;c;TRUE
137;M4250;$1.;;1;0;137;c;TRUE
138;V4260;$2.;;2;0;139;c;TRUE
140;M4260;$1.;;1;0;140;c;TRUE
141;V4276;$7.;;7;0;147;c;TRUE
148;M4276;$1.;;1;0;148;c;TRUE
149;V0428;$1.;;1;0;149;c;TRUE
150;M0428;$1.;;1;0;150;c;TRUE
151;V0429;$1.;;1;0;151;c;TRUE
152;M0429;$1.;;1;0;152;c;TRUE
153;V0430;$2.;;2;0;154;c;TRUE
155;M0430;$1.;;1;0;155;c;TRUE
156;V0431;$1.;;1;0;156;c;TRUE
157;M0431;$1.;;1;0;157;c;TRUE
158;V0432;$1.;;1;0;158;c;TRUE
159;M0432;$1.;;1;0;159;c;TRUE
160;V0433;$2.;;2;0;161;c;TRUE
162;M0433;$1.;;1;0;162;c;TRUE
163;V0434;$1.;;1;0;163;c;TRUE
164;M0434;$1.;;1;0;164;c;TRUE
165;V4355;$2.;;2;0;166;c;TRUE
167;M4355;$1.;;1;0;167;c;TRUE
168;V4300;$2.;;2;0;169;c;TRUE
170;V0436;$1.;;1;0;170;c;TRUE
171;M0436;$1.;;1;0;171;c;TRUE
172;V0437;$1.;;1;0;172;c;TRUE
173;M0437;$1.;;1;0;173;c;TRUE
174;V0438;$1.;;1;0;174;c;TRUE
175;M0438;$1.;;1;0;175;c;TRUE
176;V0439;$1.;;1;0;176;c;TRUE
177;M0439;$1.;;1;0;177;c;TRUE
178;V0440;$1.;;1;0;178;c;TRUE
179;M0440;$1.;;1;0;179;c;TRUE
180;V0441;$1.;;1;0;180;c;TRUE
181;M0441;$1.;;1;0;181;c;TRUE
182;V0442;$1.;;1;0;182;c;TRUE
183;M0442;$1.;;1;0;183;c;TRUE
184;V0443;$1.;;1;0;184;c;TRUE
185;M0443;$1.;;1;0;185;c;TRUE
186;V0444;$1.;;1;0;186;c;TRUE
187;M0444;$1.;;1;0;187;c;TRUE
188;V4452;$4.;;4;0;191;c;TRUE
192;M4452;$1.;;1;0;192;c;TRUE
193;V4462;$5.;;5;0;197;c;TRUE
198;M4462;$1.;;1;0;198;c;TRUE
199;V0447;$1.;;1;0;199;c;TRUE
200;M0447;$1.;;1;0;200;c;TRUE
201;V0448;$1.;;1;0;201;c;TRUE
202;M0448;$1.;;1;0;202;c;TRUE
203;V0449;$1.;;1;0;203;c;TRUE
204;M0449;$1.;;1;0;204;c;TRUE
205;V0450;$1.;;1;0;205;c;TRUE
206;M0450;$1.;;1;0;206;c;TRUE
207;V4511;$1.;;1;0;207;c;TRUE
208;M4511;$1.;;1;0;208;c;TRUE
209;V4512;6.;;6;0;214;i;FALSE
215;M4512;$1.;;1;0;215;c;TRUE
216;V4513;6.;;6;0;221;i;FALSE
222;V4514;6.2;;6;2;227;d;FALSE
228;V4521;$1.;;1;0;228;c;TRUE
229;M4521;$1.;;1;0;229;c;TRUE
230;V4522;6.;;6;0;235;i;FALSE
236;M4522;$1.;;1;0;236;c;TRUE
237;V4523;6.;;6;0;242;i;FALSE
243;V4524;6.2;;6;2;248;d;FALSE
249;V4525;6.;;6;0;254;i;FALSE
255;V4526;6.2;;6;2;260;d;FALSE
261;V0453;2.;;2;0;262;i;FALSE
263;M0453;$1.;;1;0;263;c;TRUE
264;V0454;2.;;2;0;265;i;FALSE
266;M0454;$1.;;1;0;266;c;TRUE
267;V4534;3.;;3;0;269;i;FALSE
270;V0455;$1.;;1;0;270;c;TRUE
271;M0455;$1.;;1;0;271;c;TRUE
272;V0456;$1.;;1;0;272;c;TRUE
273;M0456;$1.;;1;0;273;c;TRUE
274;V4573;6.;;6;0;279;i;FALSE
280;M4573;$1.;;1;0;280;c;TRUE
281;V4583;6.;;6;0;286;i;FALSE
287;M4583;$1.;;1;0;287;c;TRUE
288;V4593;6.;;6;0;293;i;FALSE
294;M4593;$1.;;1;0;294;c;TRUE
295;V4603;6.;;6;0;300;i;FALSE
301;M4603;$1.;;1;0;301;c;TRUE
302;V4613;6.;;6;0;307;i;FALSE
308;M4613;$1.;;1;0;308;c;TRUE
309;V4614;6.;;6;0;314;i;FALSE
315;V4615;6.2;;6;2;320;d;FALSE
321;V4620;2.;;2;0;322;i;FALSE
323;M4620;$1.;;1;0;323;c;TRUE
324;V0463;2.;;2;0;325;i;FALSE
326;V4654;2.;;2;0;327;i;FALSE
328;M4654;$1.;;1;0;328;c;TRUE
329;V4670;2.;;2;0;330;i;FALSE
331;M4670;$1.;;1;0;331;c;TRUE
332;V4690;2.;;2;0;333;i;FALSE
334;M0463;$1.;;1;0;334;c;TRUE
335;PES_PESSOA;11.8;;11;8;345;d;FALSE
346;ESTR;$2.;;2;0;347;c;TRUE
348;ESTRP;$2.;;2;0;349;c;TRUE
