V1;int_pos;var_name;x;label;length;decimal_places;fin_pos;col_type;CHAR
1;1;V0101;$CHAR2.;;2;0;2;c;TRUE
2;3;UF;$CHAR2.;;2;0;4;c;TRUE
3;5;CONTROL;$CHAR6.;;6;0;10;c;TRUE
4;11;V0103;$CHAR3.;;3;0;13;c;TRUE
5;14;V0301;$CHAR2.;;2;0;15;c;TRUE
6;16;V0302;$CHAR1.;;1;0;16;c;TRUE
7;17;V3031;$CHAR2.;;2;0;18;c;TRUE
8;19;V3032;$CHAR2.;;2;0;20;c;TRUE
9;21;V3033;$CHAR3.;;3;0;23;c;TRUE
10;24;V8005;$CHAR3.;;3;0;26;c;TRUE
11;27;V0401;$CHAR1.;;1;0;27;c;TRUE
12;28;V0402;$CHAR1.;;1;0;28;c;TRUE
13;29;V0403;$CHAR1.;;1;0;29;c;TRUE
14;30;V0404;$CHAR1.;;1;0;30;c;TRUE
15;31;V0405;$CHAR1.;;1;0;31;c;TRUE
16;32;V0406;$CHAR1.;;1;0;32;c;TRUE
17;33;V0407;$CHAR2.;;2;0;34;c;TRUE
18;35;V0501;$CHAR1.;;1;0;35;c;TRUE
19;36;V0502;$CHAR1.;;1;0;36;c;TRUE
20;37;V5030;$CHAR2.;;2;0;38;c;TRUE
21;39;V0503;$CHAR28.;;28;0;66;c;TRUE
22;67;V0504;$CHAR1.;;1;0;67;c;TRUE
23;68;V0505;$CHAR1.;;1;0;68;c;TRUE
24;69;V5061;$CHAR1.;;1;0;69;c;TRUE
25;70;V5062;$CHAR1.;;1;0;70;c;TRUE
26;71;V5063;$CHAR1.;;1;0;71;c;TRUE
27;72;V5064;$CHAR1.;;1;0;72;c;TRUE
28;73;V5065;$CHAR1.;;1;0;73;c;TRUE
29;74;V0507;$CHAR1.;;1;0;74;c;TRUE
30;75;V5080;$CHAR2.;;2;0;76;c;TRUE
31;77;V0508;$CHAR28.;;28;0;104;c;TRUE
32;105;V5090;$CHAR2.;;2;0;106;c;TRUE
33;107;V0509;$CHAR28.;;28;0;134;c;TRUE
34;135;V0510;$CHAR1.;;1;0;135;c;TRUE
35;136;V0511;$CHAR1.;;1;0;136;c;TRUE
36;137;V5121;$CHAR1.;;1;0;137;c;TRUE
37;138;V5122;$CHAR1.;;1;0;138;c;TRUE
38;139;V5123;$CHAR1.;;1;0;139;c;TRUE
39;140;V5124;$CHAR1.;;1;0;140;c;TRUE
40;141;V5125;$CHAR1.;;1;0;141;c;TRUE
41;142;V0601;$CHAR1.;;1;0;142;c;TRUE
42;143;V0602;$CHAR1.;;1;0;143;c;TRUE
43;144;V0603;$CHAR1.;;1;0;144;c;TRUE
44;145;V0604;$CHAR1.;;1;0;145;c;TRUE
45;146;V0605;$CHAR1.;;1;0;146;c;TRUE
46;147;V0606;$CHAR1.;;1;0;147;c;TRUE
47;148;V0607;$CHAR1.;;1;0;148;c;TRUE
48;149;V0608;$CHAR1.;;1;0;149;c;TRUE
49;150;V0609;$CHAR1.;;1;0;150;c;TRUE
50;151;V0610;$CHAR1.;;1;0;151;c;TRUE
51;152;V0611;$CHAR1.;;1;0;152;c;TRUE
52;153;V0701;$CHAR1.;;1;0;153;c;TRUE
53;154;V0702;$CHAR1.;;1;0;154;c;TRUE
54;155;V0703;$CHAR1.;;1;0;155;c;TRUE
55;156;V0704;$CHAR1.;;1;0;156;c;TRUE
56;157;V0705;$CHAR1.;;1;0;157;c;TRUE
57;158;V7060;$CHAR3.;;3;0;160;c;TRUE
58;161;V0706;$CHAR59.;;59;0;219;c;TRUE
59;220;V7070;$CHAR3.;;3;0;222;c;TRUE
60;223;V0707;$CHAR59.;;59;0;281;c;TRUE
61;282;V0708;$CHAR1.;;1;0;282;c;TRUE
62;283;V7090;$CHAR3.;;3;0;285;c;TRUE
63;286;V0709;$CHAR59.;;59;0;344;c;TRUE
64;345;V7100;$CHAR3.;;3;0;347;c;TRUE
65;348;V0710;$CHAR59.;;59;0;406;c;TRUE
66;407;V0711;$CHAR1.;;1;0;407;c;TRUE
67;408;V7121;$CHAR1.;;1;0;408;c;TRUE
68;409;V7122;12.;;12;0;420;d;FALSE
69;421;V7123;$CHAR1.;;1;0;421;c;TRUE
70;422;V7124;$CHAR1.;;1;0;422;c;TRUE
71;423;V7125;12.;;12;0;434;d;FALSE
72;435;V7126;$CHAR1.;;1;0;435;c;TRUE
73;436;V7127;$CHAR1.;;1;0;436;c;TRUE
74;437;V7128;$CHAR1.;;1;0;437;c;TRUE
75;438;V0713;2.;;2;0;439;i;FALSE
76;440;V0801;$CHAR1.;;1;0;440;c;TRUE
77;441;V0802;$CHAR1.;;1;0;441;c;TRUE
78;442;V0803;$CHAR1.;;1;0;442;c;TRUE
79;443;V0804;$CHAR1.;;1;0;443;c;TRUE
80;444;V0805;$CHAR1.;;1;0;444;c;TRUE
81;445;V0806;$CHAR1.;;1;0;445;c;TRUE
82;446;V0807;$CHAR1.;;1;0;446;c;TRUE
83;447;V0808;$CHAR1.;;1;0;447;c;TRUE
84;448;V0809;$CHAR1.;;1;0;448;c;TRUE
85;449;V0810;$CHAR1.;;1;0;449;c;TRUE
86;450;V0811;$CHAR1.;;1;0;450;c;TRUE
87;451;V9001;$CHAR1.;;1;0;451;c;TRUE
88;452;V9002;$CHAR1.;;1;0;452;c;TRUE
89;453;V9003;$CHAR1.;;1;0;453;c;TRUE
90;454;V9004;$CHAR1.;;1;0;454;c;TRUE
91;455;V9005;$CHAR1.;;1;0;455;c;TRUE
92;456;V9906;$CHAR3.;;3;0;458;c;TRUE
93;459;V9006;$CHAR59.;;59;0;517;c;TRUE
94;518;V9907;$CHAR3.;;3;0;520;c;TRUE
95;521;V9007;$CHAR59.;;59;0;579;c;TRUE
96;580;V9008;$CHAR2.;;2;0;581;c;TRUE
97;582;V9009;$CHAR1.;;1;0;582;c;TRUE
98;583;V9010;$CHAR1.;;1;0;583;c;TRUE
99;584;V9011;$CHAR1.;;1;0;584;c;TRUE
100;585;V9012;$CHAR1.;;1;0;585;c;TRUE
101;586;V9013;$CHAR1.;;1;0;586;c;TRUE
102;587;V9014;$CHAR1.;;1;0;587;c;TRUE
103;588;V9151;$CHAR1.;;1;0;588;c;TRUE
104;589;V9152;11.;;11;0;599;d;FALSE
105;600;V9153;$CHAR2.;;2;0;601;c;TRUE
106;602;V9154;7.;;7;0;608;i;FALSE
107;609;V9155;$CHAR1.;;1;0;609;c;TRUE
108;610;V9156;$CHAR1.;;1;0;610;c;TRUE
109;611;V9157;11.;;11;0;621;d;FALSE
110;622;V9158;$CHAR2.;;2;0;623;c;TRUE
111;624;V9159;7.;;7;0;630;i;FALSE
112;631;V9160;$CHAR1.;;1;0;631;c;TRUE
113;632;V9161;$CHAR1.;;1;0;632;c;TRUE
114;633;V9162;11.;;11;0;643;d;FALSE
115;644;V9163;$CHAR2.;;2;0;645;c;TRUE
116;646;V9164;7.;;7;0;652;i;FALSE
117;653;V9165;$CHAR1.;;1;0;653;c;TRUE
118;654;V9016;$CHAR1.;;1;0;654;c;TRUE
119;655;V9017;$CHAR1.;;1;0;655;c;TRUE
120;656;V9018;$CHAR1.;;1;0;656;c;TRUE
121;657;V9019;$CHAR1.;;1;0;657;c;TRUE
122;658;V9201;$CHAR1.;;1;0;658;c;TRUE
123;659;V9202;11.;;11;0;669;d;FALSE
124;670;V9203;$CHAR2.;;2;0;671;c;TRUE
125;672;V9204;7.;;7;0;678;i;FALSE
126;679;V9205;$CHAR1.;;1;0;679;c;TRUE
127;680;V9206;$CHAR1.;;1;0;680;c;TRUE
128;681;V9207;11.;;11;0;691;d;FALSE
129;692;V9208;$CHAR2.;;2;0;693;c;TRUE
130;694;V9209;7.;;7;0;700;i;FALSE
131;701;V9210;$CHAR1.;;1;0;701;c;TRUE
132;702;V9211;$CHAR1.;;1;0;702;c;TRUE
133;703;V9212;11.;;11;0;713;d;FALSE
134;714;V9213;$CHAR2.;;2;0;715;c;TRUE
135;716;V9214;7.;;7;0;722;i;FALSE
136;723;V9215;$CHAR1.;;1;0;723;c;TRUE
137;724;V9021;$CHAR1.;;1;0;724;c;TRUE
138;725;V9022;$CHAR1.;;1;0;725;c;TRUE
139;726;V9023;$CHAR1.;;1;0;726;c;TRUE
140;727;V9024;$CHAR1.;;1;0;727;c;TRUE
141;728;V9025;$CHAR1.;;1;0;728;c;TRUE
142;729;V9026;$CHAR1.;;1;0;729;c;TRUE
143;730;V9027;$CHAR1.;;1;0;730;c;TRUE
144;731;V9028;$CHAR1.;;1;0;731;c;TRUE
145;732;V9029;$CHAR1.;;1;0;732;c;TRUE
146;733;V9030;$CHAR1.;;1;0;733;c;TRUE
147;734;V9031;$CHAR1.;;1;0;734;c;TRUE
148;735;V9032;$CHAR1.;;1;0;735;c;TRUE
149;736;V9033;$CHAR1.;;1;0;736;c;TRUE
150;737;V9034;$CHAR1.;;1;0;737;c;TRUE
151;738;V9035;$CHAR1.;;1;0;738;c;TRUE
152;739;V9036;$CHAR1.;;1;0;739;c;TRUE
153;740;V9037;$CHAR1.;;1;0;740;c;TRUE
154;741;V9038;2.;;2;0;742;i;FALSE
155;743;V9039;2.;;2;0;744;i;FALSE
156;745;V9040;$CHAR1.;;1;0;745;c;TRUE
157;746;V9041;$CHAR1.;;1;0;746;c;TRUE
158;747;V9042;$CHAR1.;;1;0;747;c;TRUE
159;748;V9043;$CHAR1.;;1;0;748;c;TRUE
160;749;V9044;$CHAR1.;;1;0;749;c;TRUE
161;750;V9045;$CHAR1.;;1;0;750;c;TRUE
162;751;V9046;$CHAR1.;;1;0;751;c;TRUE
163;752;V9047;$CHAR1.;;1;0;752;c;TRUE
164;753;V9048;$CHAR1.;;1;0;753;c;TRUE
165;754;V9049;$CHAR1.;;1;0;754;c;TRUE
166;755;V9050;$CHAR1.;;1;0;755;c;TRUE
167;756;V9051;$CHAR1.;;1;0;756;c;TRUE
168;757;V9052;$CHAR1.;;1;0;757;c;TRUE
169;758;V9531;$CHAR1.;;1;0;758;c;TRUE
170;759;V9532;12.;;12;0;770;d;FALSE
171;771;V9533;$CHAR1.;;1;0;771;c;TRUE
172;772;V9534;$CHAR1.;;1;0;772;c;TRUE
173;773;V9535;12.;;12;0;784;d;FALSE
174;785;V9536;$CHAR1.;;1;0;785;c;TRUE
175;786;V9537;$CHAR1.;;1;0;786;c;TRUE
176;787;V9054;$CHAR1.;;1;0;787;c;TRUE
177;788;V9055;$CHAR1.;;1;0;788;c;TRUE
178;789;V9056;$CHAR1.;;1;0;789;c;TRUE
179;790;V9057;$CHAR1.;;1;0;790;c;TRUE
180;791;V9058;2.;;2;0;792;i;FALSE
181;793;V9059;$CHAR1.;;1;0;793;c;TRUE
182;794;V9060;$CHAR1.;;1;0;794;c;TRUE
183;795;V9611;2.;;2;0;796;i;FALSE
184;797;V9612;2.;;2;0;798;i;FALSE
185;799;V9062;$CHAR1.;;1;0;799;c;TRUE
186;800;V9063;$CHAR1.;;1;0;800;c;TRUE
187;801;V9064;2.;;2;0;802;i;FALSE
188;803;V9065;$CHAR1.;;1;0;803;c;TRUE
189;804;V9066;$CHAR1.;;1;0;804;c;TRUE
190;805;V9067;$CHAR1.;;1;0;805;c;TRUE
191;806;V9068;$CHAR1.;;1;0;806;c;TRUE
192;807;V9069;$CHAR1.;;1;0;807;c;TRUE
193;808;V9070;$CHAR1.;;1;0;808;c;TRUE
194;809;V9971;$CHAR3.;;3;0;811;c;TRUE
195;812;V9071;$CHAR59.;;59;0;870;c;TRUE
196;871;V9972;$CHAR3.;;3;0;873;c;TRUE
197;874;V9072;$CHAR59.;;59;0;932;c;TRUE
198;933;V9073;$CHAR2.;;2;0;934;c;TRUE
199;935;V9074;$CHAR1.;;1;0;935;c;TRUE
200;936;V9075;$CHAR1.;;1;0;936;c;TRUE
201;937;V9076;$CHAR1.;;1;0;937;c;TRUE
202;938;V9077;$CHAR1.;;1;0;938;c;TRUE
203;939;V9078;$CHAR1.;;1;0;939;c;TRUE
204;940;V9079;$CHAR1.;;1;0;940;c;TRUE
205;941;V9080;$CHAR1.;;1;0;941;c;TRUE
206;942;V9081;$CHAR1.;;1;0;942;c;TRUE
207;943;V9082;$CHAR1.;;1;0;943;c;TRUE
208;944;V9083;$CHAR1.;;1;0;944;c;TRUE
209;945;V9084;$CHAR1.;;1;0;945;c;TRUE
210;946;V9085;$CHAR1.;;1;0;946;c;TRUE
211;947;V9861;2.;;2;0;948;i;FALSE
212;949;V9862;2.;;2;0;950;i;FALSE
213;951;V9087;$CHAR1.;;1;0;951;c;TRUE
214;952;V9088;$CHAR1.;;1;0;952;c;TRUE
215;953;V9891;$CHAR1.;;1;0;953;c;TRUE
216;954;V9892;2.;;2;0;955;i;FALSE
217;956;V9990;$CHAR3.;;3;0;958;c;TRUE
218;959;V9090;$CHAR59.;;59;0;1017;c;TRUE
219;1018;V9991;$CHAR3.;;3;0;1020;c;TRUE
220;1021;V9091;$CHAR59.;;59;0;1079;c;TRUE
221;1080;V9092;$CHAR1.;;1;0;1080;c;TRUE
222;1081;V9093;$CHAR1.;;1;0;1081;c;TRUE
223;1082;V9094;$CHAR1.;;1;0;1082;c;TRUE
224;1083;V9095;$CHAR1.;;1;0;1083;c;TRUE
225;1084;V9096;$CHAR1.;;1;0;1084;c;TRUE
226;1085;V9097;$CHAR1.;;1;0;1085;c;TRUE
227;1086;V9981;$CHAR1.;;1;0;1086;c;TRUE
228;1087;V9982;12.;;12;0;1098;d;FALSE
229;1099;V9983;$CHAR1.;;1;0;1099;c;TRUE
230;1100;V9984;$CHAR1.;;1;0;1100;c;TRUE
231;1101;V9985;12.;;12;0;1112;d;FALSE
232;1113;V9986;$CHAR1.;;1;0;1113;c;TRUE
233;1114;V9987;$CHAR1.;;1;0;1114;c;TRUE
234;1115;V9099;$CHAR1.;;1;0;1115;c;TRUE
235;1116;V9100;$CHAR1.;;1;0;1116;c;TRUE
236;1117;V9101;2.;;2;0;1118;i;FALSE
237;1119;V1021;$CHAR1.;;1;0;1119;c;TRUE
238;1120;V1022;12.;;12;0;1131;d;FALSE
239;1132;V1023;$CHAR1.;;1;0;1132;c;TRUE
240;1133;V1024;$CHAR1.;;1;0;1133;c;TRUE
241;1134;V1025;12.;;12;0;1145;d;FALSE
242;1146;V1026;$CHAR1.;;1;0;1146;c;TRUE
243;1147;V1027;$CHAR1.;;1;0;1147;c;TRUE
244;1148;V1028;$CHAR1.;;1;0;1148;c;TRUE
245;1149;V9103;$CHAR1.;;1;0;1149;c;TRUE
246;1150;V9104;$CHAR1.;;1;0;1150;c;TRUE
247;1151;V9105;2.;;2;0;1152;i;FALSE
248;1153;V9106;$CHAR1.;;1;0;1153;c;TRUE
249;1154;V9107;$CHAR1.;;1;0;1154;c;TRUE
250;1155;V9108;$CHAR1.;;1;0;1155;c;TRUE
251;1156;V1091;2.;;2;0;1157;i;FALSE
252;1158;V1092;2.;;2;0;1159;i;FALSE
253;1160;V9910;$CHAR3.;;3;0;1162;c;TRUE
254;1163;V9110;$CHAR59.;;59;0;1221;c;TRUE
255;1222;V9911;$CHAR3.;;3;0;1224;c;TRUE
256;1225;V9111;$CHAR59.;;59;0;1283;c;TRUE
257;1284;V9112;$CHAR1.;;1;0;1284;c;TRUE
258;1285;V9113;$CHAR1.;;1;0;1285;c;TRUE
259;1286;V9114;$CHAR1.;;1;0;1286;c;TRUE
260;1287;V9115;$CHAR1.;;1;0;1287;c;TRUE
261;1288;V9116;$CHAR1.;;1;0;1288;c;TRUE
262;1289;V9117;$CHAR1.;;1;0;1289;c;TRUE
263;1290;V9118;$CHAR1.;;1;0;1290;c;TRUE
264;1291;V9119;$CHAR1.;;1;0;1291;c;TRUE
265;1292;V9120;$CHAR1.;;1;0;1292;c;TRUE
266;1293;V9121;$CHAR1.;;1;0;1293;c;TRUE
267;1294;V9122;$CHAR1.;;1;0;1294;c;TRUE
268;1295;V9123;$CHAR1.;;1;0;1295;c;TRUE
269;1296;V9124;$CHAR1.;;1;0;1296;c;TRUE
270;1297;V1251;$CHAR1.;;1;0;1297;c;TRUE
271;1298;V1252;12.;;12;0;1309;d;FALSE
272;1310;V1253;$CHAR1.;;1;0;1310;c;TRUE
273;1311;V1254;$CHAR1.;;1;0;1311;c;TRUE
274;1312;V1255;12.;;12;0;1323;d;FALSE
275;1324;V1256;$CHAR1.;;1;0;1324;c;TRUE
276;1325;V1257;$CHAR1.;;1;0;1325;c;TRUE
277;1326;V1258;12.;;12;0;1337;d;FALSE
278;1338;V1259;$CHAR1.;;1;0;1338;c;TRUE
279;1339;V1260;$CHAR1.;;1;0;1339;c;TRUE
280;1340;V1261;12.;;12;0;1351;d;FALSE
281;1352;V1262;$CHAR1.;;1;0;1352;c;TRUE
282;1353;V1263;$CHAR1.;;1;0;1353;c;TRUE
283;1354;V1264;12.;;12;0;1365;d;FALSE
284;1366;V1265;$CHAR1.;;1;0;1366;c;TRUE
285;1367;V1266;$CHAR1.;;1;0;1367;c;TRUE
286;1368;V1267;12.;;12;0;1379;d;FALSE
287;1380;V1268;$CHAR1.;;1;0;1380;c;TRUE
288;1381;V1269;$CHAR1.;;1;0;1381;c;TRUE
289;1382;V1270;12.;;12;0;1393;d;FALSE
290;1394;V1271;$CHAR1.;;1;0;1394;c;TRUE
291;1395;V1272;$CHAR1.;;1;0;1395;c;TRUE
292;1396;V1273;12.;;12;0;1407;d;FALSE
293;1408;V1274;$CHAR1.;;1;0;1408;c;TRUE
294;1409;V1275;$CHAR1.;;1;0;1409;c;TRUE
295;1410;V1001;$CHAR1.;;1;0;1410;c;TRUE
296;1411;V1002;$CHAR1.;;1;0;1411;c;TRUE
297;1412;V1003;$CHAR1.;;1;0;1412;c;TRUE
298;1413;V1004;$CHAR1.;;1;0;1413;c;TRUE
299;1414;V1101;$CHAR1.;;1;0;1414;c;TRUE
300;1415;V1141;2.;;2;0;1416;i;FALSE
301;1417;V1142;2.;;2;0;1418;i;FALSE
302;1419;V1151;2.;;2;0;1420;i;FALSE
303;1421;V1152;2.;;2;0;1422;i;FALSE
304;1423;V1153;$CHAR1.;;1;0;1423;c;TRUE
305;1424;V1154;$CHAR1.;;1;0;1424;c;TRUE
306;1425;V1161;2.;;2;0;1426;i;FALSE
307;1427;V1162;2.;;2;0;1428;i;FALSE
308;1429;V1163;$CHAR1.;;1;0;1429;c;TRUE
309;1430;V1164;$CHAR1.;;1;0;1430;c;TRUE
310;1431;V1107;$CHAR1.;;1;0;1431;c;TRUE
311;1432;V1181;$CHAR2.;;2;0;1433;c;TRUE
312;1434;V1182;$CHAR3.;;3;0;1436;c;TRUE
313;1437;V1109;$CHAR1.;;1;0;1437;c;TRUE
314;1438;V1110;$CHAR1.;;1;0;1438;c;TRUE
315;1439;V1111;2.;;2;0;1440;i;FALSE
316;1441;V1112;2.;;2;0;1442;i;FALSE
317;1443;V1113;$CHAR1.;;1;0;1443;c;TRUE
318;1444;V1114;$CHAR1.;;1;0;1444;c;TRUE
319;1445;V4701;$CHAR2.;;2;0;1446;c;TRUE
320;1447;V4702;$CHAR1.;;1;0;1447;c;TRUE
321;1448;V4703;$CHAR2.;;2;0;1449;c;TRUE
322;1450;V4704;$CHAR1.;;1;0;1450;c;TRUE
323;1451;V4705;$CHAR1.;;1;0;1451;c;TRUE
324;1452;V4706;$CHAR2.;;2;0;1453;c;TRUE
325;1454;V4707;$CHAR1.;;1;0;1454;c;TRUE
326;1455;V4708;$CHAR1.;;1;0;1455;c;TRUE
327;1456;V4709;$CHAR2.;;2;0;1457;c;TRUE
328;1458;V4710;$CHAR1.;;1;0;1458;c;TRUE
329;1459;V4711;$CHAR1.;;1;0;1459;c;TRUE
330;1460;V4712;$CHAR1.;;1;0;1460;c;TRUE
331;1461;V4713;$CHAR1.;;1;0;1461;c;TRUE
332;1462;V4714;$CHAR1.;;1;0;1462;c;TRUE
333;1463;V4715;$CHAR2.;;2;0;1464;c;TRUE
334;1465;V4716;$CHAR2.;;2;0;1466;c;TRUE
335;1467;V4717;$CHAR1.;;1;0;1467;c;TRUE
336;1468;V4718;12.;;12;0;1479;d;FALSE
337;1480;V4719;12.;;12;0;1491;d;FALSE
338;1492;V4720;12.;;12;0;1503;d;FALSE
339;1504;V4721;12.;;12;0;1515;d;FALSE
340;1516;V4722;12.;;12;0;1527;d;FALSE
341;1528;V4723;$CHAR2.;;2;0;1529;c;TRUE
342;1530;V4724;2.;;2;0;1531;i;FALSE
343;1532;V4725;2.;;2;0;1533;i;FALSE
344;1534;V4726;12.;;12;0;1545;d;FALSE
345;1546;V4727;$CHAR1.;;1;0;1546;c;TRUE
346;1547;V4728;$CHAR1.;;1;0;1547;c;TRUE
347;1548;V4729;5.;;5;0;1552;i;FALSE
