int_pos;var_name;x;label;length;decimal_places;fin_pos;col_type;CHAR
1;TIPO_REG;$2.;/* TIPO DE REGISTRO                             	  	 */;2;0;2;c;TRUE
3;COD_UF;$2.;/* CÓDIGO DA UF                                 	  	 */;2;0;4;c;TRUE
5;NUM_SEQ;$3.;/* NÚMERO SEQUENCIAL                            	 	 */;3;0;7;c;TRUE
8;NUM_DV;$1.;/* DV DO SEQUENCIAL                             	 	 */;1;0;8;c;TRUE
9;COD_DOMC;$2.;/* NÚMERO DO DOMICÍLIO                          	  	 */;2;0;10;c;TRUE
11;NUM_EXT_RENDA;$2.;/* ESTRATO GEOGRÁFICO                           	  	 */;2;0;12;c;TRUE
13;FATOR_EXPANSAO1;14.8;/* FATOR DE EXPANSÃO 1 (DESENHO AMOSTRAL)       	  	 */;14;8;26;d;FALSE
27;FATOR_EXPANSAO2;14.8;/* FATOR DE EXPANSÃO 2 (AJUSTADO P/ ESTIMATIVAS)	  	 */;14;8;40;d;FALSE
41;PERD_COD_P_VISIT_REALM_EM;$4.;/* PERÍODO REAL DA COLETA                       	  	 */;4;0;44;c;TRUE
45;QTD_MORADOR_DOMC;4.;/* QUANTIDADE DE MORADORES                      	  	 */;4;0;48;i;FALSE
49;QTD_UC;2.;/* QUANTIDADE DE UC                             	  	 */;2;0;50;i;FALSE
51;QTD_FAMILIA;2.;/* QUANTIDADE DE FAMÍLIAS                       	  	 */;2;0;52;i;FALSE
53;COD_TIPO_DOMC;$2.;/* TIPO DE DOMICILIO                            	  	 */;2;0;54;c;TRUE
55;COD_MATERIAL_PAREDE;$2.;/* MATERIAL QUE PREDOMINA NAS PAREDES EXTERNAS  	  	 */;2;0;56;c;TRUE
57;COD_MATERIAL_COBERTURA;$2.;/* MATERIAL QUE PREDOMINA NA COBERTURA          	  	 */;2;0;58;c;TRUE
59;COD_MATERIAL_PISO;$2.;/* MATERIAL QUE PREDOMINA NO PISO               	  	 */;2;0;60;c;TRUE
61;QTD_COMODOS_DOMC;2.;/* QUANTIDADE DE CÔMODOS                        	  	 */;2;0;62;i;FALSE
63;QTD_COMD_SERV_DORMIT;2.;/* CÔMODOS SERVINDO DE DORMITÓRIO               	  	 */;2;0;64;i;FALSE
65;COD_AGUA_COMODO;$2.;/* EXISTÊNCIA DE ÁGUA CANALIZADA                	  	 */;2;0;66;c;TRUE
67;COD_ABAST_AGUA;$2.;/* PROVENIÊNCIA DA ÁGUA                         	  	 */;2;0;68;c;TRUE
69;QTD_BANHEIROS;2.;/* QUANTIDADE DE BANHEIROS                      	  	 */;2;0;70;i;FALSE
71;COD_ESGOTO_SANIT;$2.;/* ESCOADOURO SANITÁRIO                         	  	 */;2;0;72;c;TRUE
73;COD_COND_OCUP;$2.;/* CONDIÇÃO DE OCUPAÇÃO                         	  	 */;2;0;74;c;TRUE
75;COD_TEMPO_MORADIA;$2.;/* TEMPO DE ALUGUEL                             	  	 */;2;0;76;c;TRUE
77;COD_CONTRATO_DOCUM;$2.;/* TIPO DE CONTRATO DE ALUGUEL                  	  	 */;2;0;78;c;TRUE
79;COD_EXIST_PAVIM;$2.;/* EXISTÊNCIA DE PAVIMENTAÇÃO NA RUA            	  	 */;2;0;80;c;TRUE
81;IMPUT_QTD_COMODOS;$1.;/* IMPUTAÇÃO - QUANTIDADE DE CÔMODOS                    	 */;1;0;81;c;TRUE
82;IMPUT_QTD_BANHEIROS;$1.;/* IMPUTAÇÃO - QUANTIDADE DE BANHEIROS                  	 */;1;0;82;c;TRUE
83;IMPUT_ESGOTO;$1.;/* IMPUTAÇÃO - ESCOADOURO SANITÁRIO                     	 */;1;0;83;c;TRUE
84;RENDA_BRUTA_MONETARIA;16.2;/* RENDA MONETÁRIA MENSAL DO DOMICÍLIO                  	 */;16;2;99;d;FALSE
100;RENDA_BRUTA_NAO_MONETARIA;16.2;/* RENDA NÃO MONETÁRIA MENSAL DO DOMICÍLIO                  	 */;16;2;115;d;FALSE
116;RENDA_TOTAL;16.2;/* RENDA TOTAL MENSAL DO DOMICÍLIO                          	 */;16;2;131;d;FALSE
132;COD_SERVICO_DISTRIBUICAO;$1.;/* SERVIÇO DE DISTRIBUIÇÃO DOS CORREIOS                     	 */;1;0;132;c;TRUE
133;ESTRADA_GRANDE_1;$1.;/* PROXIMIDADE A ESTRADA DE GRANDE CIRCULAÇÃO DE VEÍCULOS   	 */;1;0;133;c;TRUE
134;AREA_1;$1.;/* PROXIMIDADE A ÁREA INDUSTRIAL                            	 */;1;0;134;c;TRUE
135;ESTRADA_FERRO_1;$1.;/* PROXIMIDADE A ESTRADA DE FERRO EM USO                    	 */;1;0;135;c;TRUE
136;PASSAGEM_1;$1.;/* PROXIMIDADE A PASSAGEM DE FIOS DE ALTA TENSÃO            	 */;1;0;136;c;TRUE
137;GASODUTO_1;$1.;/* PROXIMIDADE A GASODUTO OU OLEODUTO                       	 */;1;0;137;c;TRUE
138;LIXAO_1;$1.;/* PROXIMIDADE A LIXÃO OU DEPÓSITO DE LIXO                	 */;1;0;138;c;TRUE
139;ESGOTO_1;$1.;/* PROXIMIDADE A ESGOTO A CÉU ABERTO OU VALÃO               	 */;1;0;139;c;TRUE
140;RIO_1;$1.;/* PROXIMIDADE A RIO, BAÍA, LAGO, AÇUDE OU REPRESA POLUÍDOS 	 */;1;0;140;c;TRUE
141;ENCOSTA_1;$1.;/* PROXIMIDADE A ENCOSTA OU ÁREA SUJEITA A DESLIZAMENTO     	 */;1;0;141;c;TRUE
142;LIXO_BIODEGRADAVEL;$1.;/* SEPARAÇÃO DO LIXO 						 */;1;0;142;c;TRUE
143;LIXO_SEPARADO;$1.;/* FINALIDADE DA SEPARAÇÃO DO LIXO 				 */;1;0;143;c;TRUE
144;COD_LIXO;$2.;/* DESTINO DO LIXO                                             */;2;0;145;c;TRUE
146;REDE_15;$1.;/* REDE GERAL DE ENERGIA ELÉTRICA                              */;1;0;146;c;TRUE
147;PROPRIA_15;$1.;/* FONTE PRÓPRIA PARA ENERGIA ELÉTRICA                         */;1;0;147;c;TRUE
148;DIESEL_16;$1.;/* DIESEL/GASOLINA/GÁS PARA ENERGIA ELÉTRICA                   */;1;0;148;c;TRUE
149;SOLAR_16;$1.;/* ENERGIA SOLAR PARA ENERGIA ELÉTRICA                         */;1;0;149;c;TRUE
150;EOLICA_16;$1.;/* ENERGIA EÓLICA PARA ENERGIA ELÉTRICA          	 	 */;1;0;150;c;TRUE
151;AGUA_16;$1.;/* ÁGUA PARA ENERGIA ELÉTRICA      			         */;1;0;151;c;TRUE
152;BIODIESEL_16;$1.;/* BIODIESEL PARA ENERGIA ELÉTRICA             	         */;1;0;152;c;TRUE
153;SISTEMA_MISTO_16;$1.;/* SISTEMA MISTO PARA ENERGIA ELÉTRICA         	         */;1;0;153;c;TRUE
154;OUTRA_FONTE_16;$1.;/* OUTRA FONTE PARA ENERGIA ELÉTRICA                           */;1;0;154;c;TRUE
155;ENERGIA_17;$1.;/* AQUECIMENTO DE ÁGUA POR ENERGIA ELÉTRICA           	 */;1;0;155;c;TRUE
156;GAS_17;$1.;/* AQUECIMENTO DE ÁGUA POR GÁS            			 */;1;0;156;c;TRUE
157;ENERGIA_SOLAR_17;$1.;/* AQUECIMENTO DE ÁGUA POR ENERGIA SOLAR             		 */;1;0;157;c;TRUE
158;LENHA_17;$1.;/* AQUECIMENTO DE ÁGUA POR LENHA/CARVÃO 	      		 */;1;0;158;c;TRUE
159;OUTRA_FORMA_17;$1.;/* AQUECIMENTO DE ÁGUA POR OUTRA FONTE 		         */;1;0;159;c;TRUE
160;GAS_18;$1.;/* FOGÃO A GÁS                				 */;1;0;160;c;TRUE
161;LENHA_18;$1.;/* FOGÃO A LENHA                                               */;1;0;161;c;TRUE
162;CARVAO_18;$1.;/* FOGÃO A CARVÃO                                              */;1;0;162;c;TRUE
163;ENERGIA_ELETRICA_18;$1.;/* FOGÃO A ENERGIA ELÉTRICA                                    */;1;0;163;c;TRUE
164;OUTRO_18;"$1.;";/* FOGÃO COM OUTRA FONTE                                       */;1;0;164;c;TRUE
