int_pos;var_name;x;label;length;decimal_places;fin_pos;col_type;CHAR
1;ANO_CENSO;7.;/*Ano do Censo*/;7;0;7;i;FALSE
8;FK_COD_DOCENTE;15.;/*Código do Docente*/;15;0;22;d;FALSE
23;NU_DIA;5.;/*Data de nascimento - dia*/;5;0;27;i;FALSE
28;NU_MES;5.;/*Data de nascimento - mês*/;5;0;32;i;FALSE
33;NU_ANO;7.;/*Data de nascimento - ano*/;7;0;39;i;FALSE
40;NUM_IDADE;5.;/*Idade1*/;5;0;44;i;FALSE
45;TP_SEXO;$CHAR1.;/*Sexo*/;1;0;45;c;TRUE
46;TP_COR_RACA;$CHAR1.;/*Cor/raça*/;1;0;46;c;TRUE
47;TP_NACIONALIDADE;$CHAR1.;/*Nacionalidade*/;1;0;47;c;TRUE
48;FK_COD_PAIS_ORIGEM;6.;/*Código do País de origem*/;6;0;53;i;FALSE
54;FK_COD_ESTADO_DNASC;5.;/*Código da UF de nascimento*/;5;0;58;i;FALSE
59;SIGLA_ESTADO_DNASC;$CHAR2.;/*Sigla da UF de nascimento*/;2;0;60;c;TRUE
61;FK_COD_MUNICIPIO_DNASC;15.;/*Código do Município de nascimento*/;15;0;75;d;FALSE
76;FK_COD_ESTADO_DEND;5.;/*Código da UF de residência*/;5;0;80;i;FALSE
81;SIGLA_ESTADO_DEND;$CHAR2.;/*Sigla da UF de residência*/;2;0;82;c;TRUE
83;FK_COD_MUNICIPIO_DEND;15.;/*Código do Município de residência*/;15;0;97;d;FALSE
98;FK_COD_ESCOLARIDADE;5.;/*Escolaridade*/;5;0;102;i;FALSE
103;FK_CLASSE_CURSO_1;5.;/*Código da Área do curso 1*/;5;0;107;i;FALSE
108;PK_COD_AREA_OCDE_1;$CHAR6.;/*Código do curso 1 da escolaridade Superior Completo*/;6;0;113;c;TRUE
114;ID_LICENCIATURA_1;3.;/*Possui Licenciatura no curso 1*/;3;0;116;i;FALSE
117;NU_ANO_CONCLUSAO_1;6.;/*Ano de conclusão do curso 1*/;6;0;122;i;FALSE
123;ID_TIPO_INSTITUICAO_1;3.;/*Tipo de instituição do curso 1*/;3;0;125;i;FALSE
126;ID_NOME_IES_1;$CHAR100.;/*Nome da instituição do curso 1*/;100;0;225;c;TRUE
226;FK_COD_IES_1;9.;/*Código da Instituição do curso 1*/;9;0;234;i;FALSE
235;FK_CLASSE_CURSO_2;5.;/*Código da Área do curso 2*/;5;0;239;i;FALSE
240;PK_COD_AREA_OCDE_2;$CHAR6.;/*Código do curso 2 da escolaridade Superior Completo*/;6;0;245;c;TRUE
246;ID_LICENCIATURA_2;3.;/*Possui Licenciatura no curso 1*/;3;0;248;i;FALSE
249;NU_ANO_CONCLUSAO_2;6.;/*Ano de conclusão do curso 2*/;6;0;254;i;FALSE
255;ID_TIPO_INSTITUICAO_2;3.;/*Tipo de instituição do curso 2*/;3;0;257;i;FALSE
258;ID_NOME_IES_2;$CHAR100.;/*Nome da instituição do curso 2*/;100;0;357;c;TRUE
358;FK_COD_IES_2;9.;/*Código da Instituição do curso 2*/;9;0;366;i;FALSE
367;FK_CLASSE_CURSO_3;5.;/*Código da Área do curso 3*/;5;0;371;i;FALSE
372;PK_COD_AREA_OCDE_3;$CHAR6.;/*Código do curso 3 da escolaridade Superior Completo*/;6;0;377;c;TRUE
378;ID_LICENCIATURA_3;3.;/*Possui Licenciatura no curso 3*/;3;0;380;i;FALSE
381;NU_ANO_CONCLUSAO_3;6.;/*Ano de conclusão do curso 3*/;6;0;386;i;FALSE
387;ID_TIPO_INSTITUICAO_3;3.;/*Tipo de instituição do curso 3*/;3;0;389;i;FALSE
390;ID_NOME_IES_3;$CHAR100.;/*Nome da instituição do curso 3*/;100;0;489;c;TRUE
490;FK_COD_IES_3;9.;/*Código da Instituição do curso 3*/;9;0;498;i;FALSE
499;ID_QUIMICA;$CHAR1.;/*Disciplinas - Química*/;1;0;499;c;TRUE
500;ID_FISICA;$CHAR1.;/*Disciplinas - Física*/;1;0;500;c;TRUE
501;ID_MATEMATICA;$CHAR1.;/*Disciplinas - Matemática*/;1;0;501;c;TRUE
502;ID_BIOLOGIA;$CHAR1.;/*Disciplinas - Biologia*/;1;0;502;c;TRUE
503;ID_CIENCIAS;$CHAR1.;/*Disciplinas - Ciências*/;1;0;503;c;TRUE
504;ID_LINGUA_LITERAT_PORTUGUESA;$CHAR1.;/*Disciplinas - Língua / Literatura Portuguesa*/;1;0;504;c;TRUE
505;ID_LINGUA_LITERAT_INGLES;$CHAR1.;/*Disciplinas - Língua / Literatura estrangeira - Inglês*/;1;0;505;c;TRUE
506;ID_LINGUA_LITERAT_ESPANHOL;$CHAR1.;/*Disciplinas - Língua / Literatura estrangeira - Espanhol*/;1;0;506;c;TRUE
507;ID_LINGUA_LITERAT_OUTRA;$CHAR1.;/*Disciplinas - Língua / Literatura estrangeira - Outra*/;1;0;507;c;TRUE
508;ID_ARTES;$CHAR1.;/*Disciplinas - Artes (Educação Artística, Teatro, Dança, Música, Artes Plásticas e outras)*/;1;0;508;c;TRUE
509;ID_EDUCACAO_FISICA;$CHAR1.;/*Disciplinas - Educação Física*/;1;0;509;c;TRUE
510;ID_HISTORIA;$CHAR1.;/*Disciplinas - História*/;1;0;510;c;TRUE
511;ID_GEOGRAFIA;$CHAR1.;/*Disciplinas - Geografia*/;1;0;511;c;TRUE
512;ID_FILOSOFIA;$CHAR1.;/*Disciplinas - Filosofia*/;1;0;512;c;TRUE
513;ID_ESTUDOS_SOCIAIS;$CHAR1.;/*Disciplinas - Estudos Sociais / Sociologia*/;1;0;513;c;TRUE
514;ID_INFORMATICA_COMPUTACAO;$CHAR1.;/*Disciplinas - Informática / Computação*/;1;0;514;c;TRUE
515;ID_PROFISSIONALIZANTE;$CHAR1.;/*Disciplinas - Disciplinas profissionalizantes*/;1;0;515;c;TRUE
516;ID_DIDATICA_METODOLOGIA;$CHAR1.;/*Disciplinas - Didática, Metodologia, Prática de Ensino, Supervisão de Estágio (Disciplinas pedagógicas)*/;1;0;516;c;TRUE
517;ID_FUNDAMENTOS_EDUCACAO;$CHAR1.;/*Disciplinas - Fundamentos da Educação, Estrutura e Funcionamento do Sistema Educacional Brasileiro (Disciplinas pedagógicas)*/;1;0;517;c;TRUE
518;ID_DISC_ATENDIMENTO_ESPECIAIS;$CHAR1.;/*Disciplinas - Disciplinas voltadas ao atendimento de necessidades especiais (Disciplinas pedagógicas)*/;1;0;518;c;TRUE
519;ID_DISC_DIVERSIDADE_SOCIO_CULT;$CHAR1.;/*Disciplinas - Disciplinas voltadas à diversidade sócio-cultural (Disciplinas pedagógicas)*/;1;0;519;c;TRUE
520;ID_OUTRAS_DISCIPLINAS_PEDAG;$CHAR1.;/*Disciplinas - Outras disciplinas pedagógicas*/;1;0;520;c;TRUE
521;ID_LIBRAS;$CHAR1.;/*Disciplinas - Libras*/;1;0;521;c;TRUE
522;ID_ESPECIALIZACAO;$CHAR1.;/*Pós-Graduação - Especialização*/;1;0;522;c;TRUE
523;ID_MESTRADO;$CHAR1.;/*Pós-Graduação - Mestrado*/;1;0;523;c;TRUE
524;ID_DOUTORADO;$CHAR1.;/*Pós-Graduação - Doutorado*/;1;0;524;c;TRUE
525;ID_POS_GRADUACAO_NENHUM;$CHAR1.;/*Pós-Graduação - Nenhum*/;1;0;525;c;TRUE
526;ID_ESPECIFICO_CRECHE;$CHAR1.;/*Outros cursos - Específico para creche*/;1;0;526;c;TRUE
527;ID_ESPECIFICO_PRE_ESCOLA;$CHAR1.;/*Outros cursos - Específico para pré-escola*/;1;0;527;c;TRUE
528;ID_ESPECIFICO_NEC_ESP;$CHAR1.;/*Outros cursos - Específico para educação especial*/;1;0;528;c;TRUE
529;ID_ESPECIFICO_ED_INDIGENA;$CHAR1.;/*Outros cursos - Específico para educação indígena*/;1;0;529;c;TRUE
530;ID_INTERCULTURAL_OUTROS;$CHAR1.;/*Outros cursos - Intercultural/Diversidade/outros*/;1;0;530;c;TRUE
531;ID_ESPECIFICO_NENHUM;$CHAR1.;/*Outros cursos - Nenhum*/;1;0;531;c;TRUE
532;ID_OUTRAS_DISCIPLINAS;$CHAR1.;/*Disciplinas - Outras disciplinas*/;1;0;532;c;TRUE
533;ID_TIPO_DOCENTE;$CHAR1.;/*Função que exerce na escola*/;1;0;533;c;TRUE
534;PK_COD_TURMA;13.;/*Código da Turma*/;13;0;546;d;FALSE
547;FK_TIPO_TURMA;5.;/*Tipo de atendimento*/;5;0;551;i;FALSE
552;FK_COD_MOD_ENSINO;5.;/*Modalidade*/;5;0;556;i;FALSE
557;FK_COD_ETAPA_ENSINO;5.;/*Etapa*/;5;0;561;i;FALSE
562;FK_COD_CURSO_PROF;10.;/*Curso da Educação Profissional*/;10;0;571;d;FALSE
572;PK_COD_ENTIDADE;11.;/*Código da Escola*/;11;0;582;d;FALSE
583;FK_COD_ESTADO;5.;/*Código da UF da escola*/;5;0;587;i;FALSE
588;SIGLA;$CHAR2.;/*Sigla da UF da escola*/;2;0;589;c;TRUE
590;FK_COD_MUNICIPIO;15.;/*Código do Município da escola*/;15;0;604;d;FALSE
605;ID_LOCALIZACAO;$CHAR1.;/*Localização (Escola)*/;1;0;605;c;TRUE
606;ID_DEPENDENCIA_ADM;$CHAR1.;/*Dependência Administrativa (Escola)*/;1;0;606;c;TRUE
607;DESC_CATEGORIA_ESCOLA_PRIVADA;$CHAR1.;/*Categoria da escola privada*/;1;0;607;c;TRUE
608;ID_CONVENIADA_PP;$CHAR1.;/*Conveniada com o poder público (Escola)*/;1;0;608;c;TRUE
609;ID_TIPO_CONVENIO_PODER_PUBLICO;$CHAR1.;/*Dependência do convênio com o poder público*/;1;0;609;c;TRUE
610;ID_MANT_ESCOLA_PRIVADA_EMP;$CHAR1.;/*Mantenedora da escola privada - Empresa, grupo empresarial do setor privado ou pessoa física*/;1;0;610;c;TRUE
611;ID_MANT_ESCOLA_PRIVADA_ONG;$CHAR1.;/*Mantenedora da escola privada - Organização não governamental - ONG internacional ou nacional*/;1;0;611;c;TRUE
612;ID_MANT_ESCOLA_PRIVADA_SIND;$CHAR1.;/*Mantenedora da escola privada - Sindicatos de trabalhadores ou patronais, associações, cooperativas e sistema S*/;1;0;612;c;TRUE
613;ID_MANT_ESCOLA_PRIVADA_APAE;$CHAR1.;/*Mantenedora da escola privada - Apae/Pestalozzi*/;1;0;613;c;TRUE
614;ID_DOCUMENTO_REGULAMENTACAO;$CHAR1.;/*Regulamentação no conselho ou órgão municipal, estadual ou federal de educação*/;1;0;614;c;TRUE
615;ID_LOCALIZACAO_DIFERENCIADA;$CHAR1.;/*Localização diferenciada da escola*/;1;0;615;c;TRUE
616;ID_EDUCACAO_INDIGENA;$CHAR1.;/*Educação Indígena*/;1;0;616;c;TRUE
